54.73 351.35 -61.88 -58.64 0.53 0.06 -1.16 53.69 1019.63 -52.98 15.32 $GPGGA,204713.700,3903.4363,N,07726.7917,W,1,08,0.98,72.5,M,-33.4,M,,*6D
54.76 335.44 -60.81 -46.70 0.47 0.59 -0.44 53.69 1019.63 -52.88 15.62 $GPGGA,204713.700,3903.4363,N,07726.7917,W,1,08,0.98,72.5,M,-33.4,M,,*6D
54.79 335.87 -61.19 -46.70 0.00 0.36 -0.52 53.69 1019.62 -52.90 15.61 $GPGGA,204713.700,3903.4363,N,07726.7917,W,1,08,0.98,72.5,M,-33.4,M,,*6D
54.82 335.63 -61.31 -46.34 -0.11 0.19 0.35 53.68 1019.62 -53.00 15.54 $GPGGA,204713.700,3903.4363,N,07726.7917,W,1,08,0.98,72.5,M,-33.4,M,,*6D
54.85 335.20 -61.34 -46.02 0.32 0.75 0.22 53.69 1019.63 -53.02 15.47 $GPGGA,204713.700,3903.4363,N,07726.7917,W,1,08,0.98,72.5,M,-33.4,M,,*6D
54.88 334.93 -61.35 -45.91 0.53 0.64 -0.19 53.71 1019.63 -53.03 15.61 $GPGGA,204713.700,3903.4363,N,07726.7917,W,1,08,0.98,72.5,M,-33.4,M,,*6D
54.90 334.17 -61.58 -45.14 0.32 0.04 0.10 53.73 1019.64 -52.93 15.55 $GPGGA,204713.700,3903.4363,N,07726.7917,W,1,08,0.98,72.5,M,-33.4,M,,*6D
54.93 333.39 -61.76 -44.26 0.33 0.23 0.41 53.76 1019.62 -52.86 15.49 $GPGGA,204713.700,3903.4363,N,07726.7917,W,1,08,0.98,72.5,M,-33.4,M,,*6D
54.96 332.93 -62.08 -43.78 0.22 0.40 0.11 53.78 1019.61 -52.82 15.49 $GPGGA,204713.700,3903.4363,N,07726.7917,W,1,08,0.98,72.5,M,-33.4,M,,*6D
54.99 332.78 -62.41 -43.74 0.30 0.13 0.06 53.81 1019.61 -52.80 15.74 $GPGGA,204713.700,3903.4363,N,07726.7917,W,1,08,0.98,72.5,M,-33.4,M,,*6D
55.02 332.49 -62.94 -43.70 0.59 0.39 0.14 53.83 1019.61 -52.73 15.74 $GPGGA,204713.700,3903.4363,N,07726.7917,W,1,08,0.98,72.5,M,-33.4,M,,*6D
55.05 332.32 -63.42 -43.54 0.93 0.13 -0.12 53.85 1019.60 -52.68 15.58 $GPGGA,204713.800,3903.4363,N,07726.7917,W,1,08,0.98,72.5,M,-33.4,M,,*62
55.07 332.13 -63.94 -43.19 0.03 0.38 0.27 53.87 1019.59 -52.65 15.61 $GPGGA,204713.800,3903.4363,N,07726.7917,W,1,08,0.98,72.5,M,-33.4,M,,*62
55.10 331.89 -64.69 -42.60 -0.03 0.58 1.43 53.88 1019.59 -52.66 15.54 $GPGGA,204713.800,3903.4363,N,07726.7917,W,1,08,0.98,72.5,M,-33.4,M,,*62
55.13 332.57 -65.39 -43.30 0.06 0.06 -0.24 53.90 1019.59 -52.59 15.66 $GPGGA,204713.800,3903.4363,N,07726.7917,W,1,08,0.98,72.5,M,-33.4,M,,*62
55.22 340.27 -68.87 -50.60 -0.18 -0.50 0.24 53.91 1019.58 -52.57 15.56 
